0220:0313,0304,0336,0327,0333,0204,0330,0333,0204,0326,0331,0204,0330,0332,0365,0204,0333,0331,0337,0320,0200,0332,
0221:0304,0313,0335,0306,0322,0336,0362,0203,0334,0334,0203,0334,0334,0203,0363,0331,0335,0335,0335,0326,0362,0203,0335,0335,0203,0335,0335,0203,0363,0334,0334,0324,0362,0203,0334,0334,0203,0334,0334,0203,0363,0334,0334,0330,0325,0334,0362,0203,0334,0334,0203,0334,0334,0203,0363,0334,0334,0330,0334,0334,0337,0320,0362,0203,0334,0334,0203,0334,0334,0203,0354,0331,0304,0334,
0222:0324,0305,0362,0203,0334,0350,0334,0311,0336,0203,0334,0334,0334,0337,0203,0363,0334,0334,0334,0334,0334,
0223:0322,0305,0350,0362,0203,0334,0334,0334,0334,0336,0203,0334,0334,0203,0363,0334,0334,0334,0334,0334,0330,0335,0335,
0224:0324,0335,0222,0322,0223,0222,0223,0222,0223,0324,0362,0203,0334,0334,0334,0337,0203,0334,0334,0334,0334,0203,0363,0331,0337,0337,0337,0320,0362,0203,0334,0334,0334,0336,0203,0334,0334,0334,0337,0203,0354,0335,0331,0335,0336,0335,0304,0334,0313,
0225:0304,0335,0311,0337,0305,0350,0334,0334,0334,0334,0336,0222,0333,0336,0337,0334,0223,0336,0335,0222,0335,0330,0334,0334,0335,0335,0334,0334,0330,0335,0335,0335,0335,0335,0337,0337,0320,0362,0203,0335,0335,0203,0335,0335,0335,0335,0337,0203,0354,0304,0335,0333,0336,0313,
0226:0326,0306,0350,0362,0203,0335,0335,0335,0335,0313,0336,0203,0335,0335,0335,0312,0337,0203,0363,0334,0334,0334,0334,0313,0336,0322,0362,0203,0334,0334,0334,0312,0337,0203,0334,0334,0334,0334,0334,0336,0313,0337,0203,0363,0334,0334,0334,0334,0336,0330,0334,0334,0334,0312,0337,0304,
0227:0313,0334,0312,0336,0330,0335,0306,0350,0335,0313,0337,0330,0334,0334,0334,0312,0336,0330,0334,0334,0334,0334,0313,0337,0330,0304,0335,0335,
0230:0226,0226,0226,0226,0226,0226,0226,0226,0226,0313,0326,0362,0203,0306,0350,0335,0335,0335,0335,0313,0337,0203,0335,0335,0335,0335,0335,0336,0312,0337,0203,0363,0335,0335,0335,0336,0313,0304,0227,0227,0227,0227,0227,0227,0227,0227,0227,0320,0362,0203,0306,0350,0335,0335,0335,0335,0337,0203,0335,0335,0335,0335,0335,0336,0312,0337,0203,0354,0335,0335,0335,0336,0313,0304,
0231:0335,0306,0350,0334,0336,0330,0337,0366,0336,0331,0335,0335,0330,0337,0367,0336,0336,0336,0334,0362,0203,0335,0335,0335,0335,0203,0335,0335,0335,0335,0203,0363,0334,0337,0337,0330,0334,0304,0335,0337,
0232:0336,0336,0336,0336,0347,0337,0337,0337,0337,
0233:0304,0314,0336,0201,0335,0331,0201,0201,0334,0332,0330,0335,0331,0201,0201,0334,0332,0201,0337,0313,
0234:0336,0336,0336,0330,0341,0331,0337,0337,0337,
0235:0335,0336,0336,0336,0362,0203,0335,0350,0335,0310,0337,0203,0335,0335,0203,0335,0335,0335,0336,0203,0364,0304,0334,0313,0337,0337,0337,
0236:0306,0350,0350,0334,0330,0336,0336,0366,0337,0337,0331,0335,0330,0336,0330,0304,0335,0335,0367,0366,0335,0335,0331,0337,0331,0306,0350,0350,0335,0330,0336,0336,0367,0337,0337,0331,0334,0351,0335,
0240:0305,0350,0334,0330,0336,0366,0337,0331,0335,0330,0335,0335,0335,0335,0335,0336,0331,0331,0367,0366,0330,0330,0335,0335,0335,0335,0335,0337,0331,0335,0330,0336,0367,0337,0331,0335,
0241:0240,0240,0240,0240,0240,
0242:0305,0350,0335,0336,0213,0213,0213,0330,0330,0240,0334,0334,0331,0331,0214,0214,0214,0337,0335,
0243:0241,0242,0242,0242,0242,0242,
0244:0305,0350,0350,0336,0330,0330,0336,0336,0330,0337,0337,0240,0334,0334,0336,0336,0331,0337,0337,0331,0331,0335,0337,0351,
0245:0244,0244,0244,0244,0244,0244,0244,0244,0244,0244,
01220:0220,0333,
01221:0333,0200,0332,0221,0333,
01222:0333,0200,0222,0335,0320,0313,0304,
01223:0333,0200,0336,0332,0322,0305,0311,0337,0362,0203,0334,0334,0336,0203,0334,0203,0363,0334,0334,0304,0313,0320,0333,0337,
01224:0333,0200,0332,0224,0333,
01225:0333,0200,0336,0332,0332,0335,0337,0225,0330,0334,
01226:0333,0200,0336,0332,0336,0332,0332,0337,0337,0326,0362,0203,0306,0350,0335,0335,0335,0335,0336,0203,0335,0335,0335,0312,0337,0203,0363,0334,0334,0334,0334,0322,0313,0336,0362,0203,0334,0334,0334,0312,0337,0203,0334,0334,0334,0334,0334,0336,0313,0337,0203,0363,0334,0334,0334,0334,0334,0334,0334,0313,0335,0330,0334,0334,0334,0312,0336,0330,0334,0334,0334,0334,0313,0337,0330,0334,0334,0334,0330,0304,0334,0320,
01227:0333,0200,0332,0226,0227,0333,0320,0336,0330,0334,0336,0330,0342,0330,0335,0335,0350,0332,0335,0335,0335,0362,0203,0334,0334,0203,0364,0335,0335,0335,0335,0330,0335,0304,0333,0333,0331,0331,0337,0337,
01230:0333,0200,0332,0336,0230,0337,0333,
01231:0333,0200,0332,0336,0330,0231,0333,0333,0331,0337,
01232:0333,0200,0336,0330,0332,0337,0232,0336,0333,0331,0337,
01233:0333,0200,0336,0332,0337,0233,0336,0333,0337,0331,
01234:0333,0200,0336,0330,0332,0234,0333,0331,0337,
01235:0333,0200,0336,0330,0332,0337,0235,0336,0333,0331,0337,
01240:0333,0200,0336,0332,0332,0333,0240,0334,0334,0304,0333,0337,
01241:0333,0200,0330,0336,0331,0332,0336,0241,0304,0337,0333,0331,0337,
01242:0333,0200,0336,0330,0332,0336,0241,0304,0333,0333,0331,0331,0337,0337,
01243:0333,0200,0336,0336,0330,0330,0332,0332,0243,0304,0337,0333,0331,0337,
