0220:0336,0332,0332,0362,0203,0203,0333,0350,0334,0345,0335,0330,0335,0335,0203,0203,0335,0333,0334,0334,0345,0335,0330,0335,0335,0203,0203,0335,0333,0334,0334,0345,0335,0330,0335,0335,0203,0203,0335,0333,0334,0334,0345,0335,0330,0364,0335,0335,0304,0333,0333,0337,
0221:0233,0233,0233,0233,0233,0233,0336,0336,0336,0336,0337,0347,0337,0337,0337,0304,
0222:0304,0313,0332,0362,0203,0335,0203,0203,0335,0203,0335,0203,0203,0354,0335,0333,0336,0330,0210,0341,0336,0341,0337,0211,0332,0336,0330,0332,0336,0341,0337,0333,0333,0333,0330,0332,0332,0350,0335,0310,0337,0362,0203,0335,0336,0203,0203,0335,0337,0203,0364,0334,0334,0334,0336,0313,0304,0337,0332,0331,0331,0337,
0223:0336,0224,0335,0335,0331,0224,0335,0335,0331,0337,
0224:0321,0362,0203,0335,0203,0336,0203,0334,0203,0335,0350,0335,0310,0337,0203,0203,0335,0335,0203,0203,0335,0335,0335,0336,0203,0334,0334,0304,0313,0203,0337,0203,0335,0363,
0225:0362,0203,0335,0203,0203,0336,0203,0334,0203,0335,0350,0335,0310,0337,0203,0203,0335,0335,0203,0203,0335,0335,0335,0336,0203,0334,0334,0304,0313,0203,0337,0203,0203,0335,0363,
0226:0336,0341,0337,0342,0335,0342,0335,0342,0335,0342,0335,
0227:0336,0336,050,0170,054,0171,051,0365,0337,0337,
0230:0336,0336,0321,0350,0310,0334,0337,0362,0203,0335,0335,0335,0336,0313,0337,0304,0311,0305,0334,0337,0203,0363,0331,0335,0304,0350,0336,0313,0336,0310,0337,0333,0334,0334,0337,0337,0337,0304,0313,0335,
0231:0230,0230,0230,0230,0350,0310,0336,0336,0336,0333,0334,0334,0336,0313,0337,0305,0311,0337,0335,0342,0330,0334,0334,0330,0335,0304,0334,0305,0335,0201,0334,0334,0330,0335,0304,0334,0305,0335,0201,0334,0334,0330,0335,0304,0334,0305,0335,0342,0334,0336,0313,0336,0304,0350,0310,0337,0332,0337,0337,0337,0304,0313,
0232:0336,0332,0332,0362,0203,0203,0333,0350,0334,0345,0335,0330,0335,0335,0203,0203,0203,0203,0203,0335,0333,0334,0334,0345,0335,0330,0335,0335,0203,0203,0335,0333,0334,0334,0345,0335,0330,0335,0335,0203,0203,0203,0203,0203,0335,0333,0334,0334,0345,0335,0330,0364,0335,0335,0304,0333,0333,0337,
0233:0304,0313,0336,0336,0330,0306,0334,0366,0335,0330,0330,0330,0335,0335,0367,0335,0330,0330,0330,0330,0334,0334,0334,0304,0337,0337,0306,0335,
0234:0232,0336,0330,0336,0332,0337,0337,0210,0210,0210,0231,0211,0211,0211,0336,0334,0336,0331,0331,0331,0331,0335,0336,0331,0332,0332,0337,0321,0224,0333,0333,0333,0333,0333,0337,0320,0336,0336,0330,0337,0337,0221,
0235:0220,0210,0210,0222,
0236:0220,0330,0336,0331,0336,0330,0337,0226,0331,0331,0332,0337,0337,0227,0336,
0237:0220,0336,0330,0330,0332,0336,0336,0331,0333,0337,0337,0226,0331,0331,0336,0334,0223,0335,0330,0333,0333,0330,0333,0330,0333,0330,0336,0336,0332,0337,0337,0223,
0240:0321,0310,0350,0362,0203,0335,0335,0203,0335,0335,0335,0337,0203,0363,0334,0334,0334,0336,0324,0362,0203,0334,0337,0203,0334,0334,0334,0336,0203,0334,0337,0203,0363,0334,0334,0334,0336,0330,0334,0321,0337,0362,0203,0335,0335,0335,0336,0203,0335,0335,0203,0363,0331,0335,0335,0304,0304,
0241:0304,0310,0362,0203,0335,0350,0335,0336,0203,0335,0335,0203,0363,0335,0335,0335,0337,0304,0333,
0242:0330,0332,0336,0240,0240,0240,0331,0331,0331,0332,0332,0332,0332,0332,0332,0240,0240,0240,0330,0332,0332,0332,0332,0332,0332,0313,0336,0330,0333,0333,0337,0241,0336,0333,0337,0241,0336,0333,0337,0241,0332,0332,0332,0313,0336,0331,0332,0337,0337,
0243:0200,0336,0336,0330,0332,0337,0200,0336,0330,0332,0200,0331,0333,0331,0333,0337,0337,
0244:0232,0336,0330,0336,0336,0333,0337,0332,0337,0337,0210,0210,0210,0336,0331,0333,0337,0211,0211,0243,0336,0330,0332,0337,0211,0211,0211,0336,0334,0336,0331,0331,0331,0335,0336,0331,0332,0332,0337,0224,0333,0333,0333,0333,0337,0320,0336,0336,0330,0337,0337,0221,
0245:0244,0244,0244,0244,0244,0244,0244,0244,0244,0244,
01220:0333,0200,0332,0336,0333,0337,0220,0336,0333,0337,
01221:0333,0200,0336,0332,0337,0210,0221,0211,0336,0333,0337,
01222:0333,0200,0332,0336,0330,0336,0222,0337,0333,0333,0331,0337,
01223:0333,0200,0336,0330,0332,0332,0330,0223,0333,0333,0331,0331,0337,
01224:0333,0200,0336,0332,0332,0336,0330,0224,0331,0337,0337,0333,
01225:0333,0200,0336,0330,0330,0332,0332,0225,0333,0333,0331,0331,0337,
01226:0333,0200,0336,0336,0330,0330,0332,0336,0330,0332,0332,0226,0337,0337,0333,0331,0336,0336,0331,0337,0337,0337,
01227:0333,0200,0336,0332,0337,0336,0332,0336,0330,0337,0227,0304,0313,0336,0331,0337,0337,0333,
01230:0230,0304,0333,0200,
01231:0333,0200,0332,0336,0330,0231,0333,0333,0331,0337,
01232:0333,0200,0336,0330,0332,0337,0232,0336,0333,0331,0337,
01233:0333,0200,0336,0332,0337,0233,0336,0333,0337,0331,
01234:0333,0200,0336,0330,0332,0234,0333,0331,0337,
01235:0333,0200,0336,0330,0332,0337,0235,0336,0333,0331,0337,
01240:0333,0200,0336,0332,0332,0333,0240,0334,0334,0304,0333,0337,
01241:0333,0200,0330,0336,0331,0332,0336,0241,0304,0337,0333,0331,0337,
01242:0333,0200,0336,0330,0332,0336,0241,0304,0333,0333,0331,0331,0337,0337,
01243:0333,0200,0336,0336,0330,0330,0332,0332,0243,0304,0337,0333,0331,0337,
