0220:0326,0200,0336,
0221:0337,0220,0220,0220,0220,0220,0337,0337,0337,0337,
0222:0366,0335,0367,0366,0335,0367,0366,0335,0367,0366,0335,0367,
0223:0336,0331,0333,0337,0341,0332,0341,0330,0341,0333,0341,0336,0331,0332,0337,
0224:0336,0333,0331,0337,0200,0336,0330,0332,0337,
0225:0310,0337,0313,0350,0334,0304,0224,0350,0335,0304,0310,0336,0313,
0226:0333,0331,0337,0200,0336,0330,0332,
0227:0336,0336,0330,0332,0362,0203,0335,0203,0203,0335,0203,0334,0203,0335,0203,0203,0335,0203,0334,0203,0335,0203,0203,0335,0203,0334,0203,0335,0203,0203,0335,0203,0363,0334,0331,0333,0337,0337,
0230:0337,0210,0210,0336,0333,0331,0337,0200,0336,0330,0332,0337,0211,0211,0336,
0231:0330,0330,0230,
0232:0210,0210,0336,0333,0331,0337,0204,0336,0330,0332,0337,0211,0211,
0233:0330,0232,
0235:0335,0336,0336,0336,0362,0203,0335,0350,0335,0310,0337,0203,0335,0335,0203,0335,0335,0335,0336,0203,0364,0304,0334,0313,0337,0337,0337,
0236:0306,0350,0350,0334,0330,0336,0336,0366,0337,0337,0331,0335,0330,0336,0330,0304,0335,0335,0367,0366,0335,0335,0331,0337,0331,0306,0350,0350,0335,0330,0336,0336,0367,0337,0337,0331,0334,0351,0335,
0240:0305,0350,0334,0330,0336,0366,0337,0331,0335,0330,0335,0335,0335,0335,0335,0336,0331,0331,0367,0366,0330,0330,0335,0335,0335,0335,0335,0337,0331,0335,0330,0336,0367,0337,0331,0335,
0241:0240,0240,0240,0240,0240,
0242:0305,0350,0335,0336,0213,0213,0213,0330,0330,0240,0334,0334,0331,0331,0214,0214,0214,0337,0335,
0243:0241,0242,0242,0242,0242,0242,
0244:0305,0350,0350,0336,0330,0330,0336,0336,0330,0337,0337,0240,0334,0334,0336,0336,0331,0337,0337,0331,0331,0335,0337,0351,
0245:0244,0244,0244,0244,0244,0244,0244,0244,0244,0244,
01220:0333,0200,0332,0336,0333,0337,0336,0333,0336,0330,0332,0332,0337,0220,0333,0333,0331,0337,0337,0320,0336,0333,0337,
01221:0333,0200,0336,0332,0337,0336,0333,0221,0211,0320,0337,0210,
01222:0333,0200,0332,0336,0330,0333,0222,0333,0331,0337,
01223:0333,0200,0336,0336,0330,0332,0330,0332,0223,0333,0333,0331,0331,0337,0337,
01224:0333,0200,0336,0332,0330,0224,0336,0331,0337,0337,0333,0336,0331,0332,0336,0330,0337,0337,
01225:0333,0200,0336,0330,0330,0332,0332,0225,0333,0333,0331,0331,0337,
01226:0333,0200,0336,0336,0330,0330,0332,0336,0330,0332,0332,0226,0337,0337,0333,0331,0336,0336,0331,0337,0337,0337,
01227:0333,0200,0336,0332,0337,0336,0336,0330,0330,0337,0227,0304,0313,0336,0331,0333,0333,0331,0337,0337,
01230:0333,0200,0336,0330,0332,0230,0333,0331,0337,
01231:0333,0200,0332,0336,0330,0336,0333,0331,0331,0333,0231,0333,0333,0331,0331,0337,0337,
01232:0333,0200,0336,0330,0332,0337,0232,0336,0333,0331,0337,
01233:0333,0200,0336,0332,0337,0233,0336,0333,0337,0331,
01234:0333,0200,0336,0330,0332,0234,0333,0331,0337,
01235:0333,0200,0336,0330,0332,0337,0235,0336,0333,0331,0337,
01240:0333,0200,0336,0332,0332,0333,0240,0334,0334,0304,0333,0337,
01241:0333,0200,0330,0336,0331,0332,0336,0241,0304,0337,0333,0331,0337,
01242:0333,0200,0336,0330,0332,0336,0241,0304,0333,0333,0331,0331,0337,0337,
01243:0333,0200,0336,0336,0330,0330,0332,0332,0243,0304,0337,0333,0331,0337,
