0220:0342,0335,0342,0334,0334,0342,0335,0336,0336,0333,0335,0366,0332,0332,0335,0335,0331,0367,0366,0335,0335,0331,0332,0332,0367,0334,0337,0337,0331,0333,0333,0336,0330,0332,0332,0336,0331,0332,0332,0336,0330,0332,0337,0163,0151,0144,0145,0365,0331,0332,0332,0336,0332,0331,0337,0337,0337,0330,0330,0340,0333,0331,0331,0336,0335,0336,0330,0337,0366,0332,0332,0335,0335,0331,0367,0366,0335,0335,0331,0332,0332,0367,0334,0331,0333,0333,0331,0336,0331,0332,0336,0332,0330,0337,0163,0143,0141,0154,0145,0106,0141,0143,0164,0157,0162,052,0163,0151,0144,0145,0365,0331,0332,0332,0332,0331,0331,0332,0332,0332,0332,0332,0336,0333,0331,0337,0337,0330,0340,0332,0334,0336,0331,0336,0366,0332,0332,0330,0335,0335,0367,0366,0334,0334,0331,0332,0332,0367,0335,0330,0330,0332,0332,0332,0332,0332,0163,0151,0144,0145,057,0163,0143,0141,0154,0145,0106,0141,0143,0164,0157,0162,0332,0332,0332,0332,0332,0365,0330,0330,0330,0330,0330,0330,0330,0330,0332,0331,0332,0331,0337,0164,0150,0145,0164,0141,0123,0164,0145,0160,0365,0333,0333,0333,0331,0333,0331,0333,0331,0333,0333,0331,0337,0337,0337,0350,0334,0350,0335,0343,0334,0334,0350,0334,0343,0334,0304,0330,0335,0336,0336,0336,0350,0334,0330,0335,0335,0335,0335,0362,0203,0334,0334,0203,0364,0331,0334,0334,0334,0304,0337,0337,0337,0331,0335,0330,0334,0336,0336,0336,0350,0335,0330,0335,0335,0335,0335,0362,0203,0335,0335,0203,0364,0331,0335,0304,0335,0337,0337,0337,0331,0336,
0221:0332,0332,0336,0336,0331,0337,0337,01330,01331,01332,01333,0331,0332,0332,0332,0332,0336,0330,0333,0336,0332,0337,0141,0365,0163,0333,0333,0365,0144,0333,0333,0365,0333,0333,0146,0365,
0222:0332,0332,0336,0336,0331,0337,0337,01334,01335,01336,01337,0331,0332,0332,0332,0332,0336,0330,0333,0336,0330,0332,0331,0337,0147,0365,0333,0333,0150,0365,0333,0333,0152,0365,0333,0333,0153,0365,
0223:0332,0332,0336,0336,0331,0337,0337,01340,01341,01342,01343,0331,0332,0332,0332,0332,0336,0330,0333,0336,0332,0337,0172,0365,0170,0333,0333,0365,0143,0333,0333,0365,0333,0333,0166,0365,
0224:0332,0332,0330,01320,01321,01322,01323,0331,0332,0332,0332,0332,0336,0330,0333,0336,0332,0337,0176,0365,041,0333,0333,0365,0100,0333,0333,0365,0333,0333,043,0365,0337,0331,0331,0332,0332,0332,0336,0332,0337,0336,0336,0333,0337,0337,01324,01325,01326,01327,0331,0332,0332,0332,0332,0336,0330,0333,0336,0332,0337,044,0365,045,0333,0333,0365,0136,0333,0333,0365,0333,0333,046,0365,
0225:0336,0332,0330,0337,0340,0341,0333,0340,0341,0331,0331,0332,0332,0336,0336,0333,0337,01340,01341,01333,01340,01341,
0226:0332,0332,0330,0336,0333,0336,0331,0337,0337,01304,01305,01306,0331,0331,0332,0332,0332,0336,0332,0337,01350,01351,01352,01353,0330,0332,0332,0332,0336,0330,0336,0332,0337,0140,0365,0333,0333,061,0365,0333,0333,062,0365,0331,0331,0331,0331,0332,0332,0332,0332,0332,063,0365,0333,0333,064,0365,0333,0333,065,0365,0333,0333,066,0365,
0227:0332,0332,0336,0330,0333,0337,01310,01311,01312,0331,0331,0332,0332,0332,01313,01314,01316,0330,0332,0332,0332,0336,0330,0336,0333,0337,067,0365,070,0333,0333,0365,0333,0333,071,0365,0331,0331,0331,0331,0332,0332,0332,0332,060,0365,0333,055,0333,0365,075,0333,0333,0365,
0230:0330,0336,0332,0330,0210,0337,01362,0331,0331,0332,0332,0332,01203,01360,01361,01345,01346,0331,0332,0332,0332,0332,0331,01363,01354,01364,0330,0330,0330,0332,0332,0336,0330,0336,0333,0337,0161,0365,0331,0331,0331,0331,0332,0332,0332,0332,0167,0365,0333,0333,0162,0365,0333,0333,0165,0365,0333,0333,0151,0365,0333,0333,0157,0365,0331,0331,0331,0331,0332,0332,0332,0332,0332,0332,0145,0365,0333,0333,0175,0365,0333,0333,0174,0365,
0231:0336,0330,0332,0337,0326,0204,0320,0200,0333,0335,0322,0306,0362,0203,0334,0334,0203,0334,0334,0203,0363,0334,0334,0320,0362,0203,0334,0334,0203,0334,0334,0203,0354,0335,0335,0334,0304,0335,0331,0331,0332,0332,0335,0324,0305,0362,0203,0334,0203,0334,0203,0334,0203,0334,0203,0363,0334,0320,0362,0203,0334,0203,0334,0203,0334,0203,0334,0203,0354,0334,0330,0330,0306,0327,0311,0336,0313,0362,0203,0334,0203,0334,0203,0334,0203,0334,0203,0334,0203,0363,0334,0320,0362,0203,0334,0203,0334,0203,0334,0203,0334,0203,0334,0203,0354,
0232:0332,0336,0330,0337,01366,01367,0331,0332,0336,0330,0332,0336,0332,0337,0164,0365,0171,0333,0333,0365,0331,0331,0332,0332,0332,0331,0332,0337,0210,0366,0330,0335,0335,0332,0332,0367,0366,0335,0335,0331,0333,0333,0367,
0233:0332,0332,0330,01030,01031,01032,01033,0331,0331,0332,0332,0332,01036,01037,0330,0332,0332,0336,0330,0332,0336,0332,0337,0156,0365,0155,0333,0333,0365,054,0333,0333,0365,056,0333,0333,0365,0331,0331,0331,0331,0332,0332,0332,0332,0154,0365,0333,0333,073,0365,
0234:0336,0331,0332,0332,0332,0336,0332,0337,0120,0122,0111,0116,0124,072,0336,0365,0331,0333,0333,0333,0333,0333,0337,01141,01142,01143,01144,01145,01146,01147,0331,0332,0332,0332,0332,0332,0332,0332,0336,0123,0124,0101,0103,0113,072,0365,0331,0333,0333,0333,0333,0333,0141,0142,0143,0144,0145,0146,0147,0365,0337,0337,0330,0330,01365,0336,0331,0332,0336,0332,0337,0133,0365,
0235:01304,01305,01306,01350,01351,01352,01353,01310,01311,01312,01313,01314,01316,0331,0332,0332,0332,0332,0332,0332,0332,0332,0332,0332,0332,0332,0332,0336,0336,0330,0333,0337,0140,0365,061,0333,0333,0365,062,0333,0333,0365,0333,063,0333,0365,0333,0333,064,0365,065,0333,0333,0365,066,0333,0333,0365,067,0333,0333,0365,070,0333,0333,0365,071,0333,0333,0365,060,0333,0333,0365,055,0333,0333,0365,075,0333,0333,0365,0330,0336,0330,0332,0337,0337,0332,0332,0332,0332,0332,0332,0332,0332,0332,0332,0332,0332,
0236:01330,01331,01332,01333,01334,01335,01336,01337,01036,01037,0331,0332,0332,0332,0332,0332,0332,0332,0332,0332,0332,0336,0336,0330,0333,0337,0141,0365,0163,0333,0333,0365,0144,0333,0333,0365,0146,0333,0333,0365,0147,0333,0333,0365,0150,0333,0333,0365,0152,0333,0333,0365,0153,0333,0333,0365,0154,0333,0333,0365,0333,0333,073,0365,0330,0337,0332,0332,0332,0332,0332,0332,0332,0332,0332,0336,0336,0330,0332,0337,0337,
0237:01340,01341,01342,01343,01200,01030,01031,01032,01033,0331,0332,0332,0332,0332,0332,0332,0332,0332,0332,0336,0336,0330,0333,0337,0172,0365,0333,0333,0170,0365,0333,0143,0333,0365,0333,0333,0166,0365,0333,0333,0142,0365,0333,0333,0156,0365,0333,0333,0155,0365,0333,0333,054,0365,0333,0333,056,0336,0333,0337,0365,0332,0332,0332,0332,0332,0332,0332,0332,0332,0332,0332,0332,0332,0332,0332,0332,0332,0330,0336,0330,0337,0337,
0240:01362,01203,01363,01360,01366,01367,01361,01345,01346,01347,01365,01204,01201,0331,0332,0332,0332,0332,0332,0332,0332,0332,0332,0332,0332,0332,0332,0336,0336,0330,0333,0337,0161,0365,0167,0333,0333,0365,0145,0333,0333,0365,0162,0333,0333,0365,0164,0333,0333,0365,0171,0333,0333,0365,0165,0333,0333,0365,0151,0333,0333,0365,0157,0333,0333,0365,0160,0333,0333,0365,0133,0333,0333,0365,0135,0333,0333,0365,0134,0333,0333,0365,0337,0332,0332,0332,0332,0332,0332,0332,0332,0332,0332,0332,0332,0330,0336,0336,0331,0332,0337,0337,
0241:01320,01321,01322,01323,01324,01325,01326,01327,01300,0333,0200,0333,0200,01210,01211,0331,0332,0332,0332,0332,0332,0332,0332,0332,0332,0332,0332,0332,0332,0336,0336,0330,0333,0337,0176,0365,041,0333,0333,0365,0100,0333,0333,0365,043,0333,0333,0365,044,0333,0333,0365,045,0333,0333,0365,0136,0333,0333,0365,046,0333,0333,0365,052,0333,0333,0365,050,0333,0333,0365,0333,0333,051,0365,0333,0137,0333,0365,053,0333,0333,0365,0337,0332,0332,0332,0332,0332,0332,0332,0332,0332,0332,0332,0330,0332,0336,0336,0331,0332,0337,0337,
0242:0235,0330,0330,0241,0331,0331,0331,0331,0333,0336,0333,0337,0240,0333,0331,0331,0336,0332,0337,0236,0331,0331,0333,0336,0332,0337,0237,
0243:0241,0242,0242,0242,0242,0242,
0244:0305,0350,0350,0336,0330,0330,0336,0336,0330,0337,0337,0240,0334,0334,0336,0336,0331,0337,0337,0331,0331,0335,0337,0351,
01220:0333,0200,0332,0336,0333,0337,0220,0336,0333,0337,
01221:0333,0200,0336,0332,0337,0210,0221,0211,0336,0333,0337,
01222:0333,0200,0332,0336,0330,0336,0222,0337,0333,0333,0331,0337,
01223:0333,0200,0336,0330,0332,0332,0330,0223,0333,0333,0331,0331,0337,
01224:0333,0200,0336,0332,0332,0336,0330,0224,0331,0337,0337,0333,
01225:0333,0200,0336,0330,0330,0332,0332,0225,0333,0333,0331,0331,0337,
01226:0333,0200,0336,0336,0330,0330,0332,0336,0330,0332,0332,0226,0337,0337,0333,0331,0336,0336,0331,0337,0337,0337,
01227:0333,0200,0336,0332,0337,0336,0332,0336,0330,0337,0227,0304,0313,0336,0331,0337,0337,0333,
01230:0230,0304,0333,0200,
01231:0333,0200,0332,0336,0330,0231,0333,0333,0331,0337,
01232:0333,0200,0336,0330,0332,0337,0232,0336,0333,0331,0337,
01233:0333,0200,0336,0332,0337,0233,0336,0333,0337,0331,
01234:0333,0200,0336,0330,0332,0234,0333,0331,0337,
01235:0333,0200,0336,0330,0332,0337,0235,0336,0333,0331,0337,
01240:0333,0200,0336,0332,0332,0333,0240,0334,0334,0304,0333,0337,
01241:0333,0200,0330,0336,0331,0332,0336,0241,0304,0337,0333,0331,0337,
01242:0333,0200,0336,0330,0332,0336,0241,0304,0333,0333,0331,0331,0337,0337,
01243:0333,0200,0336,0336,0330,0330,0332,0332,0243,0304,0337,0333,0331,0337,
