0220:0304,0335,0322,0306,0362,0203,0334,0334,0203,0334,0334,0203,0363,0320,0334,0334,0362,0203,0334,0334,0203,0334,0334,0203,0354,0334,0334,0304,0334,
0221:0326,0204,0320,0200,
0222:0201,0335,0201,0336,0201,0334,0201,0335,0350,0335,0310,0337,0201,0201,0335,0335,0201,0201,0335,0335,0335,0336,0201,0334,0334,0304,0313,0201,0337,0201,0335,
0223:0201,0335,0201,0201,0336,0201,0334,0201,0335,0350,0335,0310,0337,0201,0201,0335,0335,0201,0201,0335,0335,0335,0336,0201,0334,0334,0304,0313,0201,0337,0201,0201,0335,
0224:0362,0203,0335,0203,0336,0203,0334,0203,0335,0350,0335,0310,0337,0203,0203,0335,0335,0203,0203,0335,0335,0335,0336,0203,0334,0334,0304,0313,0203,0337,0203,0335,0363,
0225:0362,0203,0335,0203,0203,0336,0203,0334,0203,0335,0350,0335,0310,0337,0203,0203,0335,0335,0203,0203,0335,0335,0335,0336,0203,0334,0334,0304,0313,0203,0337,0203,0203,0335,0363,
0226:0200,0330,0336,0336,0336,0332,0337,0337,0337,0342,0336,0332,0336,0332,0337,0337,0342,0330,0335,0336,0336,0336,0331,0337,0337,0337,0342,0334,0331,0333,0331,
0227:0200,0330,0336,0336,0336,0332,0337,0342,0332,0332,0332,0342,0330,0335,0336,0331,0337,0337,0337,0342,0334,0331,0333,0336,0336,0331,0337,0337,
0230:0333,0226,0332,0336,0330,0336,0333,0331,0337,0220,0330,0330,0336,0333,0337,0334,0336,0331,0336,0332,0330,0330,0337,0336,0331,0337,0335,0335,0332,0332,0332,0331,0224,0335,0335,0335,0331,0331,0331,0333,0333,0331,0331,0331,0331,0336,0333,0331,0337,0337,0337,
0231:0333,0227,0332,0336,0336,0330,0333,0337,0220,0330,0330,0334,0331,0336,0333,0336,0330,0337,0224,0335,0331,0333,0331,0336,0333,0337,0337,0337,0331,
0232:0333,0226,0336,0336,0330,0332,0337,0221,0330,0330,0334,0336,0336,0330,0333,0337,0335,0335,0332,0332,0331,0224,0334,0331,0333,0333,0331,0331,0331,0333,0331,0331,0331,0331,0336,0330,0332,0337,0337,0337,
0233:0333,0227,0336,0336,0330,0332,0337,0221,0330,0330,0336,0334,0333,0336,0330,0337,0224,0335,0331,0333,0336,0331,0331,0333,0337,0337,0337,0331,
0234:0336,0333,0336,0336,0333,0337,0221,0330,0330,0334,0331,0336,0332,0330,0337,0336,0330,0336,0330,0332,0337,0224,0333,0333,0333,0331,0331,0330,0336,0331,0337,0337,0337,0335,0221,0331,0336,0331,0336,0336,0330,0337,0333,0333,0337,0337,0337,
0235:0336,0336,0333,0220,0334,0333,0331,0336,0336,0330,0330,0336,0331,0331,0337,0337,0224,0337,0337,0335,0330,0336,0332,0331,0336,0330,0336,0332,0337,0337,0337,0220,0331,0336,0336,0331,0332,0337,0337,0337,0333,
0236:0336,0336,0333,0333,0333,0337,0337,0336,0221,0334,0333,0333,0336,0332,0332,0336,0336,0330,0330,0330,0333,0337,0224,0333,0333,0333,0333,0333,0336,0331,0337,0337,0221,0335,0331,0331,0331,0333,0331,0331,0336,0336,0333,0333,0330,0337,0337,0337,0337,
0237:0336,0336,0333,0337,0337,0336,0220,0330,0334,0331,0336,0336,0330,0330,0336,0331,0337,0224,0335,0330,0330,0330,0330,0332,0336,0331,0332,0331,0337,0337,0220,0331,0331,0331,0333,0336,0333,0331,0337,0337,0337,0336,0336,0333,0337,0337,
0240:0336,0336,0333,0333,0330,0341,0350,0335,0310,0337,0330,0335,0335,0335,0335,0362,0203,0203,0364,0331,0335,0335,0335,0304,0336,0313,0337,0331,0333,0336,0330,0337,0337,0335,0335,0336,0336,0336,0333,0362,0203,0335,0203,0203,0203,0203,0203,0203,0335,0203,0364,0331,0333,0333,0333,0333,0333,0333,0330,0333,0337,0337,0337,
0241:0336,0336,0333,0337,0240,0336,0330,0332,0336,0330,0334,0331,0337,0224,0335,0330,0330,0330,0332,0332,0336,0330,0333,0337,0332,0337,0337,0240,0331,0336,0336,0331,0331,0336,0330,0330,0336,0331,0330,0337,0337,0337,0337,
0242:0240,0336,0330,0330,0332,0332,0330,0336,0333,0331,0332,0333,0337,0240,0334,0332,0336,0332,0336,0330,0330,0333,0331,0336,0330,0337,0224,0335,0331,0333,0333,0331,0331,0331,0331,0331,0333,0333,0337,0337,0337,0336,0336,0336,0330,0332,0336,0333,0337,0337,0337,0337,
0243:0336,0333,0330,0340,0336,0336,0330,0337,0342,0331,0335,0335,0342,0335,0336,0330,0333,0337,0342,0331,0335,0335,0342,0334,0331,0331,0333,0333,0336,0332,0337,0337,0337,
0244:0321,0335,0306,0350,0334,0362,0203,0335,0203,0335,0335,0335,0335,0335,0203,0335,0203,0363,0320,0335,0335,0335,0335,0335,0362,0203,0335,0203,0335,0335,0335,0335,0335,0203,0335,0203,0354,0335,0335,0335,0304,0336,0336,0330,0337,0337,
0245:0244,0244,0244,0244,
0246:0336,0336,0336,0333,0337,0337,0337,0336,0333,0336,0333,0336,0332,0337,0337,0336,0330,0330,0365,0331,0336,0331,0332,0332,0332,0337,0337,064,0365,0336,0336,0331,0332,0332,0337,0337,0337,0330,0333,0335,0335,0336,0336,0334,0331,0362,0203,0335,0337,0337,0203,0335,0203,0335,0203,0335,0336,0203,0364,0335,0335,0306,0350,0335,0310,0336,0362,0203,0334,0334,0334,0334,0203,0334,0334,0334,0334,0203,0363,0335,0335,0335,0335,0335,0335,0335,0337,0313,0304,0335,0333,0331,0331,0337,0336,0336,0336,0333,0337,0337,0337,
01220:0333,0200,0332,0220,0333,
01221:0333,0200,0336,0336,0330,0332,0337,0221,0336,0333,0331,0337,0337,
01222:0333,0200,0332,0336,0330,0336,0222,0337,0333,0333,0331,0337,
01223:0333,0200,0336,0330,0332,0332,0330,0223,0333,0333,0331,0331,0337,
01224:0333,0200,0336,0332,0332,0336,0330,0224,0331,0337,0337,0333,
01225:0333,0200,0336,0330,0330,0332,0332,0225,0333,0333,0331,0331,0337,
01226:0333,0200,0336,0336,0330,0330,0332,0336,0330,0332,0332,0226,0337,0337,0333,0331,0336,0336,0331,0337,0337,0337,
01227:0333,0200,0336,0332,0337,0336,0332,0336,0330,0333,0333,0333,0337,0227,0304,0313,0336,0331,0333,0337,0337,
01230:0230,
01231:0231,
01232:0232,
01233:0233,
01234:0234,
01235:0235,
01236:0236,
01237:0237,
01240:0240,
01241:0241,
01242:0242,
01243:0333,0200,0336,0336,0330,0330,0332,0332,0243,0304,0337,0333,0331,0337,
