0220:0304,0350,0334,0330,0335,0336,0366,0334,0337,0331,0335,0330,0330,0335,0335,0335,0335,0367,0366,0330,0330,0334,0334,0334,0330,0334,0336,0367,0335,0337,0331,0334,0304,
0221:0322,0350,0335,0220,0335,0220,0335,0220,0335,0220,0341,0333,0310,0350,0334,0304,0337,0362,0203,0334,0203,0334,0203,0334,0203,0354,0350,0335,0336,0331,0334,0304,0336,0313,0336,0312,0336,0330,0362,0335,0337,0203,0306,0335,0335,0203,0203,0335,0335,0203,0203,0335,0335,0203,0354,0304,0334,0336,0331,0337,0313,0337,0310,0337,0313,
0222:0306,0350,0334,0330,0336,0335,0366,0334,0337,0331,0335,0330,0336,0330,0304,0335,0335,0367,0330,0330,0330,0306,0334,0334,0350,0334,0330,0330,0334,0366,0335,0337,0331,0334,0330,0336,0330,0335,0335,0335,0335,0335,0335,0367,0330,0330,0330,0334,0334,0334,0334,0334,0334,0337,0306,
0223:0323,0222,0335,0222,0335,0222,0335,0222,0335,0222,0335,0222,0341,0335,0316,0336,0313,0337,0337,0341,0314,0336,0330,0313,0337,0341,0336,0331,0314,0337,0313,0336,0336,0316,0337,0304,0313,
0224:0305,0350,0350,0334,0330,0335,0336,0336,0366,0334,0337,0337,0331,0335,0330,0336,0330,0304,0335,0335,0367,0366,0335,0335,0331,0337,0331,0305,0350,0350,0335,0330,0334,0336,0336,0367,0335,0337,0337,0331,0334,0305,0350,
0225:0324,0224,0335,0224,0335,0224,0335,0224,0335,0224,0335,0224,0335,0224,0335,0224,0335,0224,0335,0224,0335,0341,0331,0306,0350,0335,0312,0337,0362,0203,0334,0334,0334,0334,0203,0334,0334,0334,0334,0203,0354,0335,0334,0334,0334,0334,0334,0336,0334,0330,0304,0313,
0226:0306,0350,0350,0335,0330,0334,0336,0336,0366,0335,0337,0337,0331,0334,0330,0336,0330,0304,0335,0335,0367,0366,0330,0337,0330,0335,0335,0306,0350,0350,0334,0330,0335,0336,0336,0367,0334,0337,0337,0331,0335,0351,
0227:0325,0306,0350,0350,0335,0226,0335,0226,0335,0226,0335,0226,0335,0226,0335,0226,0335,0226,0335,0226,0335,0226,0335,0226,0335,0226,0335,0226,0335,0341,0350,0334,0330,0306,0335,0335,0350,0335,0312,0337,0362,0203,0335,0335,0335,0335,0203,0335,0335,0335,0335,0203,0354,0335,0335,0335,0336,0330,0335,0335,0335,0337,0362,0203,0335,0335,0335,0335,0203,0335,0335,0335,0335,0203,0354,0334,0336,0331,0334,0334,0304,0313,
0230:0304,0350,0350,0350,0334,0330,0335,0336,0336,0336,0366,0334,0337,0337,0337,0331,0335,0330,0336,0336,0330,0304,0335,0335,0367,0366,0330,0335,0335,0337,0337,0331,0350,0350,0350,0335,0330,0334,0336,0336,0336,0367,0335,0337,0337,0337,0331,0334,0351,0335,
0231:0326,0230,0230,0230,0230,0230,0230,0230,0230,0230,0230,0230,0230,0230,0230,0230,0230,0306,0335,0341,0330,0350,0334,0334,0334,0334,0334,0312,0337,0362,0203,0334,0334,0334,0334,0203,0334,0334,0334,0334,0203,0354,0335,0336,0334,0334,0334,0334,0330,0335,0335,0331,0313,0336,0341,0304,0337,
0232:0321,0341,0335,0350,0334,0330,0335,0336,0366,0334,0337,0331,0335,0330,0330,0335,0335,0335,0335,0367,0366,0330,0330,0335,0335,0335,0335,0335,0330,0334,0336,0367,0335,0337,0331,0335,0335,0330,0336,0335,0366,0334,0337,0331,0335,0330,0330,0334,0334,0334,0334,0367,0366,0330,0330,0335,0335,0335,0335,0335,0330,0334,0336,0367,0335,0337,0331,0335,0306,0335,0330,0350,0334,0334,0334,0334,0334,0312,0337,0362,0203,0334,0334,0334,0334,0203,0334,0334,0334,0334,0203,0354,0334,0334,0335,0335,0335,0336,0331,0334,0334,0313,0304,
0233:0304,0330,0335,0335,0306,0351,0343,0330,0304,0335,0335,0306,0350,0335,
0234:0320,0233,0233,0233,0233,0233,0233,0233,0233,0233,0233,0233,0233,0304,
0235:0306,0330,0335,0335,0343,0335,0335,0343,0335,0335,0331,0350,0335,
0236:0320,0235,0235,0235,0235,0235,0235,0235,0235,0235,0235,0235,0235,0235,
0240:0305,0350,0334,0330,0336,0366,0337,0331,0335,0330,0335,0335,0335,0335,0335,0336,0331,0331,0367,0366,0330,0330,0335,0335,0335,0335,0335,0337,0331,0335,0330,0336,0367,0337,0331,0335,
0241:0240,0240,0240,0240,0240,
0242:0305,0350,0335,0336,0213,0213,0213,0330,0330,0240,0334,0334,0331,0331,0214,0214,0214,0337,0335,
0243:0241,0242,0242,0242,0242,0242,
0244:0305,0350,0350,0336,0330,0330,0336,0336,0330,0337,0337,0240,0334,0334,0336,0336,0331,0337,0337,0331,0331,0335,0337,0351,
0245:0244,0244,0244,0244,0244,0244,0244,0244,0244,0244,
01220:0333,0200,0332,0336,0333,0337,0220,0336,0333,0337,
01221:0333,0200,0336,0332,0337,0336,0330,0210,0210,0210,0221,0211,0211,0211,0320,0333,0331,0337,
01222:0333,0200,0332,0336,0330,0333,0222,0304,0333,0331,0337,
01223:0333,0200,0336,0330,0332,0332,0330,0331,0333,0210,0210,0210,0223,0211,0211,0211,0333,0331,0337,
01224:0333,0200,0336,0332,0224,0304,0313,0333,0337,
01225:0333,0200,0336,0330,0330,0332,0225,0333,0333,0331,0331,0332,0337,
01226:0333,0200,0336,0332,0337,0226,0304,0336,0333,0337,
01227:0333,0200,0336,0332,0337,0336,0332,0336,0330,0337,0227,0304,0313,0336,0331,0337,0337,0333,
01230:0333,0200,0336,0332,0337,0230,0334,0304,0336,0333,0337,
01231:0333,0200,0332,0336,0330,0231,0333,0333,0331,0337,
01232:0333,0200,0336,0330,0332,0337,0336,0232,0331,0333,0337,
01233:0333,0200,0336,0332,0337,0233,0334,0304,0336,0333,0337,
01234:0333,0200,0336,0330,0332,0234,0333,0331,0337,
01235:0333,0200,0336,0330,0332,0337,0235,0336,0333,0331,0337,
01240:0333,0200,0336,0332,0332,0333,0240,0334,0334,0304,0333,0337,
01241:0333,0200,0330,0336,0331,0332,0336,0241,0304,0337,0333,0331,0337,
01242:0333,0200,0336,0330,0332,0336,0241,0304,0333,0333,0331,0331,0337,0337,
01243:0333,0200,0336,0336,0330,0330,0332,0332,0243,0304,0337,0333,0331,0337,
