0220:01304,01305,01306,01350,01351,01352,01353,01310,01311,01312,01313,01314,01316,0331,0332,0332,0332,0332,0332,0332,0332,0332,0332,0332,0332,0332,0332,0336,0336,0330,0333,0337,0140,0365,061,0333,0333,0365,062,0333,0333,0365,0333,063,0333,0365,0333,0333,064,0365,065,0333,0333,0365,066,0333,0333,0365,067,0333,0333,0365,070,0333,0333,0365,071,0333,0333,0365,060,0333,0333,0365,055,0333,0333,0365,075,0333,0333,0365,0330,0336,0330,0332,0337,0337,0332,0332,0332,0332,0332,0332,0332,0332,0332,0332,0332,0332,
0221:01330,01331,01332,01333,01334,01335,01336,01337,01036,01037,0331,0332,0332,0332,0332,0332,0332,0332,0332,0332,0332,0336,0336,0330,0333,0337,0141,0365,0163,0333,0333,0365,0144,0333,0333,0365,0146,0333,0333,0365,0147,0333,0333,0365,0150,0333,0333,0365,0152,0333,0333,0365,0153,0333,0333,0365,0154,0333,0333,0365,0333,0333,073,0365,0330,0337,0332,0332,0332,0332,0332,0332,0332,0332,0332,0336,0336,0330,0332,0337,0337,
0222:01340,01341,01342,01343,01200,01030,01031,01032,01033,0331,0332,0332,0332,0332,0332,0332,0332,0332,0332,0336,0336,0330,0333,0337,0172,0365,0333,0333,0170,0365,0333,0143,0333,0365,0333,0333,0166,0365,0333,0333,0142,0365,0333,0333,0156,0365,0333,0333,0155,0365,0333,0333,054,0365,0333,0333,056,0336,0333,0337,0365,0332,0332,0332,0332,0332,0332,0332,0332,0332,0332,0332,0332,0332,0332,0332,0332,0332,0330,0336,0330,0337,0337,
0223:01362,01203,01363,01360,01366,01367,01361,01345,01346,01347,01365,01204,01201,0331,0332,0332,0332,0332,0332,0332,0332,0332,0332,0332,0332,0332,0332,0336,0336,0330,0333,0337,0161,0365,0167,0333,0333,0365,0145,0333,0333,0365,0162,0333,0333,0365,0164,0333,0333,0365,0171,0333,0333,0365,0165,0333,0333,0365,0151,0333,0333,0365,0157,0333,0333,0365,0160,0333,0333,0365,0133,0333,0333,0365,0135,0333,0333,0365,0134,0333,0333,0365,0337,0332,0332,0332,0332,0332,0332,0332,0332,0332,0332,0332,0332,0330,0336,0336,0331,0332,0337,0337,
0224:0220,0331,0331,0336,0333,0333,0333,0337,0223,0331,0331,0333,0336,0332,0337,0221,0331,0331,0336,0333,0337,0222,
0225:01320,01321,01322,01323,01324,01325,01326,01327,01300,0333,0200,0333,0200,01210,01211,0331,0332,0332,0332,0332,0332,0332,0332,0332,0332,0332,0332,0332,0332,0336,0336,0330,0333,0337,0176,0365,041,0333,0333,0365,0100,0333,0333,0365,043,0333,0333,0365,044,0333,0333,0365,045,0333,0333,0365,0136,0333,0333,0365,046,0333,0333,0365,052,0333,0333,0365,050,0333,0333,0365,0333,0333,051,0365,0333,0137,0333,0365,053,0333,0333,0365,0337,0332,0332,0332,0332,0332,0332,0332,0332,0332,0332,0332,0330,0332,0336,0336,0331,0332,0337,0337,
0227:0305,0311,0362,0203,0335,0350,0335,0337,0203,0335,0335,0335,0335,0203,0363,0320,0335,0335,0335,0336,0321,0362,0203,0335,0335,0335,0337,0203,0335,0335,0335,0335,0203,0364,0335,0335,0335,0336,0305,
0230:0306,0362,0203,0335,0335,0203,0335,0335,0203,0354,0335,0335,
0231:0335,0306,0350,0334,0336,0330,0337,0366,0336,0331,0335,0335,0330,0337,0367,0336,0336,0336,0334,0362,0203,0335,0335,0335,0335,0203,0335,0335,0335,0335,0203,0363,0334,0337,0337,0330,0334,0304,0335,0337,
0232:0336,0336,0336,0336,0347,0337,0337,0337,0337,
0233:0304,0314,0336,0201,0335,0331,0201,0201,0334,0332,0330,0335,0331,0201,0201,0334,0332,0201,0337,0313,
0234:0336,0336,0336,0330,0341,0331,0337,0337,0337,
0235:0335,0336,0336,0336,0362,0203,0335,0350,0335,0310,0337,0203,0335,0335,0203,0335,0335,0335,0336,0203,0364,0304,0334,0313,0337,0337,0337,
0236:0306,0350,0350,0334,0330,0336,0336,0366,0337,0337,0331,0335,0330,0336,0330,0304,0335,0335,0367,0366,0335,0335,0331,0337,0331,0306,0350,0350,0335,0330,0336,0336,0367,0337,0337,0331,0334,0351,0335,
0240:0305,0350,0334,0330,0336,0366,0337,0331,0335,0330,0335,0335,0335,0335,0335,0336,0331,0331,0367,0366,0330,0330,0335,0335,0335,0335,0335,0337,0331,0335,0330,0336,0367,0337,0331,0335,
0241:0240,0240,0240,0240,0240,
0242:0305,0350,0335,0336,0213,0213,0213,0330,0330,0240,0334,0334,0331,0331,0214,0214,0214,0337,0335,
0243:0241,0242,0242,0242,0242,0242,
0244:0305,0350,0350,0336,0330,0330,0336,0336,0330,0337,0337,0240,0334,0334,0336,0336,0331,0337,0337,0331,0331,0335,0337,0351,
0245:0244,0244,0244,0244,0244,0244,0244,0244,0244,0244,
01220:0333,0200,0332,0336,0333,0337,0220,0336,0333,0337,
01221:0333,0200,0336,0332,0337,0210,0221,0211,0336,0333,0337,
01222:0333,0200,0332,0336,0330,0336,0222,0337,0333,0333,0331,0337,
01223:0333,0200,0336,0330,0332,0332,0330,0223,0333,0333,0331,0331,0337,
01224:0333,0200,0336,0332,0332,0336,0330,0224,0331,0337,0337,0333,
01225:0333,0200,0336,0330,0330,0332,0332,0225,0333,0333,0331,0331,0337,
01226:0333,0200,0336,0336,0330,0330,0332,0336,0330,0332,0332,0226,0337,0337,0333,0331,0336,0336,0331,0337,0337,0337,
01227:0333,0200,0336,0332,0337,0336,0332,0336,0330,0337,0227,0304,0313,0336,0331,0337,0337,0333,
01230:0230,0304,0333,0200,
01231:0333,0200,0332,0336,0330,0231,0333,0333,0331,0337,
01232:0333,0200,0336,0330,0332,0337,0232,0336,0333,0331,0337,
01233:0333,0200,0336,0332,0337,0233,0336,0333,0337,0331,
01234:0333,0200,0336,0330,0332,0234,0333,0331,0337,
01235:0333,0200,0336,0330,0332,0337,0235,0336,0333,0331,0337,
01240:0333,0200,0336,0332,0332,0333,0240,0334,0334,0304,0333,0337,
01241:0333,0200,0330,0336,0331,0332,0336,0241,0304,0337,0333,0331,0337,
01242:0333,0200,0336,0330,0332,0336,0241,0304,0333,0333,0331,0331,0337,0337,
01243:0333,0200,0336,0336,0330,0330,0332,0332,0243,0304,0337,0333,0331,0337,
