0220:0304,0313,0336,0334,0336,0362,0203,0335,0203,0203,0334,0203,0335,0310,0350,0335,0337,0203,0203,0335,0335,0203,0203,0335,0335,0335,0336,0203,0334,0334,0203,0203,0335,0335,0203,0363,0304,0335,0313,0337,0337,
0221:0304,0313,0334,0220,0335,0335,0220,0334,
0222:0313,0304,0336,0335,0336,0306,0362,0203,0334,0334,0203,0203,0334,0334,0203,0203,0334,0334,0203,0363,0304,0334,0337,0337,
0223:0304,0313,0335,0336,0362,0203,0334,0203,0350,0335,0310,0337,0203,0334,0336,0203,0334,0334,0203,0203,0203,0203,0334,0334,0203,0334,0337,0203,0335,0336,0203,0334,0334,0203,0354,0304,0334,0313,0337,0330,0330,0335,0335,0336,0333,0333,0336,0332,0331,0332,0337,0220,0332,0332,0220,0330,0330,0330,0333,0220,0331,0222,0332,0333,0333,0222,0332,0332,0222,0335,0335,0331,0331,0331,0332,0336,0330,0337,0337,
0224:0304,0313,0336,0336,0330,0336,0336,0347,0337,0337,0331,0337,0337,0330,0336,0336,0336,0336,0347,0337,0337,0337,0337,0331,0336,0240,0335,0240,0335,0335,0240,0335,0337,
0225:0304,0313,0332,0362,0203,0335,0203,0203,0335,0203,0335,0203,0203,0354,0335,0333,0336,0330,0210,0341,0336,0341,0337,0211,0332,0336,0330,0332,0336,0341,0337,0333,0333,0333,0330,0332,0332,0350,0335,0310,0337,0362,0203,0335,0336,0203,0203,0335,0337,0203,0364,0334,0334,0334,0336,0313,0304,0337,0332,0331,0331,0337,
0226:0304,0313,0336,0330,0333,0336,0336,0330,0332,0337,0337,0221,0331,0331,0334,0330,0330,0221,0335,0330,0336,0330,0332,0333,0333,0337,0200,0333,0333,0333,0331,0331,0331,0336,0336,0330,0332,0337,0337,0337,0337,0200,0336,0330,0332,
0227:0304,0313,0336,0333,0331,0337,0200,0336,0333,0331,0337,0337,0200,0350,0334,0310,0336,0336,0336,0342,0336,0333,0333,0333,0333,0334,0334,0337,0342,0336,0333,0333,0333,0333,0334,0334,0337,0342,0336,0333,0333,0333,0333,0334,0334,0337,0342,0330,0334,0336,0313,0304,0333,0330,0337,
0230:0304,0313,0334,0336,0336,0362,0203,0335,0337,0337,0203,0334,0336,0336,0203,0335,0310,0350,0335,0337,0203,0203,0335,0335,0203,0203,0335,0335,0335,0336,0203,0334,0334,0203,0203,0203,0203,0335,0335,0203,0354,0304,0335,0313,0337,0337,
0231:0304,0313,0336,0336,0322,0204,0320,0200,0330,0336,0330,0337,0324,0204,0320,0200,0330,0336,0330,0337,0326,0204,0320,0200,0335,0336,0332,0330,0337,0326,0342,0333,0336,0333,0337,0324,0342,0333,0336,0333,0337,0322,0342,0334,0336,0331,0332,0337,0320,0337,0337,
0232:0336,0336,0347,0337,0337,0306,0335,0240,0330,0336,0336,0347,0337,0337,0306,0334,0334,0240,0330,0336,0336,0347,0337,0337,0331,0306,0334,0330,0334,0304,0335,0335,
0233:0304,0313,0336,0336,0330,0306,0334,0366,0335,0330,0330,0330,0335,0335,0367,0335,0330,0330,0330,0330,0334,0334,0334,0304,0337,0337,0306,0335,
0234:0233,0233,0233,0233,0233,0233,0336,0336,0336,0336,0337,0347,0337,0337,0337,0304,
0235:0336,0332,0332,0362,0203,0203,0333,0350,0334,0345,0335,0330,0335,0335,0203,0203,0335,0333,0334,0334,0345,0335,0330,0335,0335,0203,0203,0335,0333,0334,0334,0345,0335,0330,0335,0335,0203,0203,0335,0333,0334,0334,0345,0335,0330,0364,0335,0335,0304,0333,0333,0337,
0236:0235,0336,0336,0331,0337,0211,0211,0223,0210,0210,0336,0330,0337,0337,
0237:0235,0224,
0240:0304,0313,0334,0336,0336,0336,0336,0362,0203,0335,0337,0337,0337,0337,0203,0335,0336,0336,0336,0203,0335,0337,0337,0337,0203,0335,0336,0336,0336,0336,0203,0363,0335,0337,0337,0337,0337,
0241:0235,0330,0336,0331,0337,0234,
0242:0235,0210,0225,0211,
0243:0235,0336,0330,0211,0211,0211,0226,0210,0210,0210,0337,
0244:0235,0336,0330,0337,0210,0210,0227,0211,0211,
0245:0235,0336,0336,0331,0337,0337,0211,0211,0211,0231,0210,0210,0210,0336,0336,0330,0337,0337,
0246:0235,0336,0332,0330,0336,0331,0330,0330,0337,0101,0102,0103,0365,0335,0335,0332,0330,0336,0331,0337,0220,0335,0335,0331,0337,
0247:0320,0336,0350,0310,0335,0337,0362,0203,0335,0336,0203,0335,0335,0335,0337,0203,0335,0336,0203,0363,0331,0335,0335,0335,0324,0362,0337,0203,0335,0336,0203,0335,0335,0335,0337,0203,0335,0336,0203,0363,0331,0335,0335,0335,0320,0337,0362,0203,0335,0336,0203,0335,0335,0335,0337,0203,0335,0336,0203,0363,0331,0335,0335,0335,0324,0337,0362,0203,0335,0336,0203,0335,0335,0335,0337,0203,0335,0336,0203,0363,0331,0335,0335,0335,0320,0337,0362,0203,0335,0336,0203,0335,0335,0335,0337,0203,0335,0336,0203,0363,0331,0335,0335,0335,0324,0337,0362,0203,0335,0336,0203,0335,0335,0335,0337,0203,0335,0336,0203,0363,0331,0335,0335,0335,0320,0337,0362,0203,0335,0335,0335,0336,0203,0335,0335,0203,0363,0330,0330,0330,0330,0330,0330,0335,0335,0324,0362,0203,0335,0335,0203,0335,0335,0335,0337,0203,0363,0335,0335,0335,0336,0313,0304,0320,0337,
0250:0247,0330,0336,0330,0337,0247,0331,0335,0336,0336,0332,0332,0337,0337,0222,0330,0222,0330,0222,0330,0222,0331,0331,0331,0334,0331,0336,0336,0337,0337,
01220:0333,0200,0332,0336,0333,0337,0220,0336,0333,0337,
01221:0333,0200,0336,0330,0332,0221,0333,0331,0337,
01222:0333,0200,0336,0330,0332,0222,0333,0331,0337,
01223:0333,0200,0336,0332,0223,0333,0337,
01224:0333,0200,0336,0330,0332,0337,0224,0336,0333,0331,0337,
01225:0333,0200,0336,0336,0330,0337,0332,0225,0333,0331,0336,0330,0337,0337,
01226:0333,0200,0336,0330,0332,0226,0333,0331,0337,
01227:0333,0200,0336,0330,0332,0227,0333,0331,0337,
01230:0333,0200,0336,0332,0230,0333,0337,
01231:0333,0200,0336,0336,0332,0332,0337,0337,0231,0336,0333,0337,
01232:0333,0200,0336,0332,0336,0330,0332,0337,0232,0336,0331,0332,0337,0337,0333,
01233:0333,0200,0336,0332,0337,0233,0334,0304,0336,0333,0337,
01234:0333,0200,0336,0330,0332,0234,0333,0331,0337,
01235:0333,0200,0336,0330,0332,0337,0235,0336,0333,0331,0337,
01240:0333,0200,0336,0332,0332,0333,0240,0334,0334,0304,0333,0337,0334,0334,0333,
01241:0333,0200,0330,0336,0331,0332,0336,0241,0304,0337,0333,0331,0337,
01242:0333,0200,0336,0330,0332,0336,0241,0304,0333,0333,0331,0331,0337,0337,
01243:0333,0200,0336,0336,0330,0330,0332,0332,0243,0304,0337,0333,0331,0337,
