0220:0306,0362,0203,0335,0335,0203,0335,0335,0203,0354,0335,0335,0351,
0221:0306,0362,0203,0334,0334,0203,0334,0334,0203,0354,0334,0334,0351,
0222:0306,0341,0340,0330,0340,0341,0331,0333,0340,0341,0335,0331,0334,
0223:0334,0336,0331,0337,0222,0335,0334,0336,0330,0304,0335,0337,
0224:0336,0330,0335,0312,0337,0362,0203,0306,0335,0335,0203,0203,0335,0335,0203,0203,0335,0335,0203,0354,0304,0334,0336,0331,0306,0313,0337,0351,
0225:0306,0304,0335,0335,0224,0335,0335,0335,0351,
0226:0225,0306,0335,0330,0340,0341,0331,0335,0335,0330,0340,0341,0331,0335,0335,0330,0340,0341,0331,0334,0334,0351,
0227:0306,0334,0366,0337,0366,0335,0335,0367,0366,0335,0335,0367,0366,0335,0335,0367,0335,0351,
0230:0306,0334,0366,0333,0333,0335,0304,0334,0367,0335,0335,0366,0334,0331,0331,0306,0335,0367,0366,0335,0304,0330,0330,0334,0367,0335,0335,0366,0334,0331,0331,0306,0335,0367,0366,0335,0330,0330,0304,0334,0367,0335,0335,0366,0333,0333,0334,0306,0335,0367,0335,0351,
0231:0306,0330,0341,0331,0335,0335,0330,0341,0331,0335,0335,0330,0341,0331,0335,0335,0306,0351,
0232:0306,0330,0330,0341,0331,0331,0306,0335,0335,0330,0330,0341,0331,0331,0335,0335,0330,0330,0341,0331,0331,0335,0335,0330,0336,0330,0341,0331,0331,0331,0337,0335,0335,0330,0331,0330,0336,0330,0341,0331,0331,0331,0335,0335,0330,0330,0330,0341,0331,0331,0331,0335,0335,0337,0342,0335,0335,0342,0335,0335,0342,0335,0335,0306,0351,
0233:0314,0336,0313,0350,0306,0366,0333,0333,0333,0334,0334,0334,0367,0335,0330,0330,0330,0335,0335,0335,0335,0366,0335,0330,0330,0330,0334,0334,0334,0334,0367,0333,0333,0333,0334,0366,0335,0330,0330,0330,0334,0334,0334,0334,0367,0335,0330,0330,0330,0334,0334,0351,0314,0337,0313,
0234:0336,0336,0336,0330,0341,0331,0337,0337,0337,
0235:0335,0336,0336,0336,0362,0203,0335,0350,0335,0310,0337,0203,0335,0335,0203,0335,0335,0335,0336,0203,0364,0304,0334,0313,0337,0337,0337,
0236:0306,0350,0350,0334,0330,0336,0336,0366,0337,0337,0331,0335,0330,0336,0330,0304,0335,0335,0367,0366,0335,0335,0331,0337,0331,0306,0350,0350,0335,0330,0336,0336,0367,0337,0337,0331,0334,0351,0335,
0240:0305,0350,0334,0330,0336,0366,0337,0331,0335,0330,0335,0335,0335,0335,0335,0336,0331,0331,0367,0366,0330,0330,0335,0335,0335,0335,0335,0337,0331,0335,0330,0336,0367,0337,0331,0335,
0241:0240,0240,0240,0240,0240,
0242:0305,0350,0335,0336,0213,0213,0213,0330,0330,0240,0334,0334,0331,0331,0214,0214,0214,0337,0335,
0243:0241,0242,0242,0242,0242,0242,
0244:0305,0350,0350,0336,0330,0330,0336,0336,0330,0337,0337,0240,0334,0334,0336,0336,0331,0337,0337,0331,0331,0335,0337,0351,
0245:0244,0244,0244,0244,0244,0244,0244,0244,0244,0244,
01220:0333,0200,0336,0332,0337,0220,0304,0336,0333,0337,
01221:0333,0200,0336,0332,0337,0221,0304,0336,0333,0337,
01222:0333,0200,0336,0330,0332,0336,0222,0304,0333,0333,0331,0331,0337,0337,
01223:0333,0200,0336,0330,0332,0332,0330,0336,0331,0331,0333,0333,0223,0333,0333,0331,0331,0337,0337,
01224:0333,0200,0336,0330,0332,0224,0304,0333,0331,0337,
01225:0333,0200,0336,0330,0332,0225,0330,0304,0335,0335,0333,0337,
01226:0333,0200,0336,0330,0332,0336,0226,0304,0337,0333,0331,0337,
01227:0333,0200,0336,0332,0330,0227,0304,0336,0333,0331,0337,
01230:0304,0333,0200,0336,0330,0332,0336,0230,0337,0304,0333,0331,0337,
01231:0333,0200,0336,0330,0332,0336,0231,0304,0337,0333,0331,0337,
01232:0333,0200,0336,0330,0332,0336,0232,0304,0337,0333,0331,0337,
01233:0333,0200,0336,0332,0330,0233,0304,0333,0331,0337,
01234:0333,0200,0336,0330,0332,0234,0333,0331,0337,
01235:0333,0200,0336,0330,0332,0337,0235,0336,0333,0331,0337,
01240:0333,0200,0336,0332,0332,0333,0240,0334,0334,0304,0333,0337,
01241:0333,0200,0330,0336,0331,0332,0336,0241,0304,0337,0333,0331,0337,
01242:0333,0200,0336,0330,0332,0336,0241,0304,0333,0333,0331,0331,0337,0337,
01243:0333,0200,0336,0336,0330,0330,0332,0332,0243,0304,0337,0333,0331,0337,
