0220:01300,01301,01302,01303,01304,01305,01306,01307,0331,0332,0332,0332,0332,0332,0332,0332,0332,
0221:01310,01311,01312,01313,01314,01315,01316,01317,0331,0332,0332,0332,0332,0332,0332,0332,0332,
0222:01320,01321,01322,01323,01324,01325,01326,01327,0331,0332,0332,0332,0332,0332,0332,0332,0332,
0223:01330,01331,01332,01333,01334,01335,01336,01337,0331,0332,0332,0332,0332,0332,0332,0332,0332,
0224:01340,01341,01342,01343,01344,01345,01346,01347,0331,0332,0332,0332,0332,0332,0332,0332,0332,
0225:01350,01351,01352,01353,01354,01355,01356,01357,0331,0332,0332,0332,0332,0332,
0226:01360,01361,01362,01363,01364,01365,01366,01367,0331,0332,0332,0332,0332,0332,0332,0332,0332,
0227:0336,0336,0336,0333,0337,0365,0333,0333,0333,0333,0336,0332,0337,0337,0337,
0230:0336,0220,0221,0222,0223,0224,0225,0226,0333,0333,0333,0333,0333,0333,0333,0333,0337,0337,0337,0200,0332,0336,0336,0336,0330,0330,0330,0330,0330,0330,0330,0330,0336,0330,0336,0331,0336,0333,0337,0337,0337,0231,0336,0336,0336,0331,0332,0331,0337,0337,0337,0337,0336,0332,0336,0336,0336,0331,0331,0331,0331,0331,0333,0337,0337,0337,0232,0336,0336,0336,0331,0332,0331,0331,0337,0337,0337,0337,0330,0330,0330,0330,0336,0331,0337,
0231:060,063,0170,060,0227,060,063,0170,061,0227,060,063,0170,062,0227,060,063,0170,063,0227,060,063,0170,064,0227,060,063,0170,065,0227,060,063,0170,066,0227,060,063,0170,067,0227,0332,0332,0332,0332,0332,0332,0332,0332,
0232:060,063,060,0170,0227,0331,0332,060,063,061,0170,0227,060,063,0331,0332,062,0170,0227,060,063,063,0170,0331,0332,0227,060,063,064,0170,0331,0332,0227,060,063,065,0170,0331,0332,0227,060,063,0331,0332,066,0170,0227,060,0331,0332,063,067,0170,0227,
0233:0333,0200,0332,0336,0336,0336,0330,0330,0333,0333,0337,0337,0365,0333,0336,0331,0336,0333,0333,0337,0337,0337,
0234:0332,0332,0332,0170,0233,0171,0233,0172,0233,0173,0233,0174,0233,0175,0233,0176,0233,0177,0233,0331,0332,0332,0332,0332,0332,0332,0332,0332,0160,0233,0161,0233,0162,0233,0163,0233,0164,0233,0165,0233,0166,0233,0167,0233,0331,0332,0332,0332,0332,0332,0332,0332,0332,0150,0233,0151,0233,0152,0233,0153,0233,0154,0233,0155,0233,0156,0233,0157,0233,0331,0332,0332,0332,0332,0332,0332,0332,0332,0140,0233,0141,0233,0142,0233,0143,0233,0144,0233,0145,0233,0146,0233,0147,0233,0331,0332,0332,0332,0332,0332,0332,0332,0332,
0235:0332,0332,0332,0130,0233,0131,0233,0132,0233,0133,0233,0134,0233,0135,0233,0136,0233,0137,0233,0331,0332,0332,0332,0332,0332,0332,0332,0332,0120,0233,0121,0233,0122,0233,0123,0233,0124,0233,0125,0233,0126,0233,0127,0233,0331,0332,0332,0332,0332,0332,0332,0332,0332,0110,0233,0111,0233,0112,0233,0113,0233,0114,0233,0115,0233,0116,0233,0117,0233,0331,0332,0332,0332,0332,0332,0332,0332,0332,0100,0233,0101,0233,0102,0233,0103,0233,0104,0233,0105,0233,0106,0233,0107,0233,0331,0332,0332,0332,0332,0332,0332,0332,0332,
0236:0332,0332,0332,070,0233,071,0233,042,0233,073,0233,074,0233,075,0233,076,0233,077,0233,0331,0332,0332,0332,0332,0332,0332,0332,0332,060,0233,061,0233,062,0233,063,0233,064,0233,065,0233,066,0233,067,0233,0331,0332,0332,0332,0332,0332,0332,0332,0332,050,0233,051,0233,052,0233,053,0233,054,0233,055,0233,056,0233,057,0233,0331,0332,0332,0332,0332,0332,0332,0332,0332,040,0233,041,0233,042,0233,043,0233,044,0233,045,0233,046,0233,047,0233,0331,0332,0332,0332,0332,0332,0332,0332,0332,
0237:0330,0330,0336,0234,0333,0333,0333,0235,0333,0333,0333,0236,
0240:0200,0306,0350,0335,0310,0335,0336,0362,0203,0334,0334,0337,0203,0334,0334,0334,0203,0334,0336,0203,0364,0335,0337,0331,0335,0335,0335,0335,0335,0336,0342,0334,0334,0337,0331,0304,0313,
0241:0240,0333,0333,0333,0240,0330,0330,0332,0332,0332,0332,0336,0336,0331,0337,0101,0143,0164,0151,0157,0156,0163,0365,0333,0333,0333,0333,0333,0333,0123,0171,0155,0142,0157,0154,0163,0365,0331,0331,0331,0331,0331,0332,0332,0332,0332,0332,0332,060,0170,0170,0170,0365,0333,0333,0333,0333,0333,0333,060,061,0170,0170,0170,0365,
0242:0334,0321,0362,0203,0335,0335,0306,0350,0334,0203,0335,0203,0335,0335,0335,0335,0335,0203,0363,0335,0304,0335,0320,0334,0306,0350,0362,0203,0335,0335,0335,0335,0335,0203,0335,0203,0335,0335,0335,0335,0335,0203,0354,0335,0335,0335,0335,0304,0336,0336,0330,0337,0337,
0243:0242,0242,0242,0242,0242,0242,0242,0242,
0244:0305,0350,0350,0336,0330,0330,0336,0336,0330,0337,0337,0240,0334,0334,0336,0336,0331,0337,0337,0331,0331,0335,0337,0351,
0245:0244,0244,0244,0244,0244,0244,0244,0244,0244,0244,
0260:0330,0336,0336,0347,0337,0337,
01220:0333,0200,0332,0336,0333,0337,0220,0336,0333,0337,
01221:0333,0200,0336,0332,0337,0210,0221,0211,0336,0333,0337,
01222:0333,0200,0332,0336,0330,0336,0222,0337,0333,0333,0331,0337,
01223:0333,0200,0336,0330,0332,0332,0330,0223,0333,0333,0331,0331,0337,
01224:0333,0200,0336,0332,0332,0336,0330,0224,0331,0337,0337,0333,
01225:0333,0200,0336,0330,0330,0332,0332,0225,0333,0333,0331,0331,0337,
01226:0333,0200,0336,0336,0330,0330,0332,0336,0330,0332,0332,0226,0337,0337,0333,0331,0336,0336,0331,0337,0337,0337,
01227:0333,0200,0336,0332,0337,0336,0332,0336,0330,0337,0227,0304,0313,0336,0331,0337,0337,0333,
01230:0230,0304,0333,0200,
01231:0333,0200,0332,0336,0330,0231,0333,0333,0331,0337,
01232:0333,0200,0336,0330,0332,0337,0232,0336,0333,0331,0337,
01233:0141,0233,
01234:0333,0200,0336,0330,0332,0234,0333,0331,0337,
01235:0333,0200,0336,0330,0332,0337,0235,0336,0333,0331,0337,
01240:0333,0200,0336,0332,0332,0333,0240,0334,0334,0304,0333,0337,
01241:0333,0200,0330,0336,0331,0332,0336,0241,0304,0337,0333,0331,0337,
01242:0333,0200,0336,0330,0332,0336,0241,0304,0333,0333,0331,0331,0337,0337,
01243:0333,0200,0336,0336,0330,0330,0332,0332,0243,0304,0337,0333,0331,0337,
