0220:0333,0331,0337,0326,0204,0321,0336,0330,0332,0336,0350,0335,0337,0366,0335,0335,0367,0334,0334,0334,0334,0334,0334,0366,0335,0335,0367,0335,0304,0336,0336,0332,0336,0332,0336,0333,0337,0342,0335,0342,0335,0342,0335,0342,0335,0333,0333,0333,0333,0333,0335,0342,0335,0335,0342,0330,0330,0336,0330,0335,0337,0337,0337,0337,0320,0333,0331,0337,0200,0336,0330,0332,
0221:0333,0331,0337,0325,0204,0320,0321,0336,0330,0332,0336,0336,0335,0336,0333,0337,0337,0342,0334,0334,0342,0336,0333,0337,0342,0335,0335,0342,0334,0333,0331,0336,0331,0337,0337,0362,0203,0336,0336,0203,0364,0335,0331,0337,0342,0333,0333,0336,0333,0337,0342,0334,0334,0330,0342,0333,0333,0333,0336,0332,0337,0342,0334,0336,0333,0337,0362,0203,0203,0336,0203,0364,0335,0336,0330,0333,0333,0337,0342,0333,0342,0333,0342,0333,0342,0335,0335,0330,0330,0330,0330,0330,0342,0333,0342,0333,0342,0333,0342,0334,0333,0331,0331,0336,0333,0331,0337,0337,0337,0337,0320,0200,0336,0330,0332,
0222:0337,0362,0203,0335,0336,0336,0203,0335,0337,0337,0203,0335,0336,0336,0203,0354,0335,0336,0333,0336,0333,0330,0337,0200,0330,0330,0200,0330,0330,0200,0330,0330,0200,0336,0330,0332,0340,0331,0331,0331,0331,0336,0332,0337,0340,0333,0340,0331,0331,0331,0331,0336,0331,0340,0337,0332,0340,0335,0306,0332,0340,0334,0331,0335,0304,0334,0331,0331,0331,0331,0340,0330,0340,0333,0340,0331,0340,0332,0332,0331,0336,0332,0331,0337,0337,0337,0337,
0223:0313,0336,0366,0330,0333,0333,0336,0331,0337,0367,0335,0335,0366,0331,0333,0333,0367,0335,0335,0337,
0224:0314,0336,0223,0223,0223,0223,0314,0337,0313,
0225:0336,0362,0362,0203,0335,0336,0203,0335,0337,0203,0335,0336,0203,0354,0335,0333,0335,0335,0337,0306,0350,0334,0362,0203,0334,0334,0334,0334,0334,0336,0312,0337,0203,0336,0313,0337,0203,0336,0312,0337,0203,0334,0334,0334,0334,0334,0336,0313,0337,0203,0364,0334,0304,0335,0335,0331,0336,0332,0337,0337,0336,0336,0333,0333,0330,0335,0337,0337,0350,0336,0331,0337,0343,0336,0314,0337,0343,0336,0304,0313,0334,0336,0331,0337,0337,
0226:0335,0306,0322,0362,0203,0334,0334,0203,0334,0334,0203,0363,0334,0334,0320,0362,0203,0334,0334,0203,0334,0334,0203,0354,0335,0304,0335,
0227:0333,0326,0204,0321,0350,0334,0310,0336,0362,0203,0334,0334,0203,0334,0334,0334,0337,0203,0363,0320,0334,0334,0313,0304,0200,0332,0350,0335,0310,0336,0362,0203,0335,0335,0203,0364,0334,0337,0331,0304,0334,0313,
0230:0335,0324,0305,0311,0362,0203,0334,0350,0334,0337,0203,0334,0334,0334,0334,0203,0363,0334,0334,0334,0336,0320,0362,0203,0334,0334,0337,0334,0203,0334,0334,0334,0334,0203,0354,0335,0335,0335,0335,0336,0362,0203,0335,0335,0203,0335,0335,0203,0335,0335,0203,0364,0335,0335,0335,0335,0335,0330,0334,0334,0334,0336,0342,0330,0336,0330,0337,0342,0330,0334,0334,0334,0334,0342,0330,0335,0335,0330,0334,0334,0334,0334,0337,0330,0336,0342,0335,0335,0333,0334,0337,0331,0304,0334,0313,
0231:0335,0327,0362,0306,0362,0203,0334,0334,0203,0334,0334,0203,0363,0334,0334,0320,0362,0203,0334,0334,0203,0334,0334,0203,0354,0334,0350,0334,0336,0312,0336,0313,0337,0362,0203,0334,0334,0203,0334,0334,0203,0334,0334,0203,0334,0334,0203,0334,0334,0203,0354,0331,0334,0312,0336,0334,0334,0342,0335,0335,0342,0334,0334,0330,0330,0342,0330,0335,0335,0335,0335,0201,0330,0201,0335,0335,0335,0335,0201,0334,0334,0330,0335,0335,0335,0337,0313,0304,0312,0337,0313,
0232:0333,0200,0330,0336,0332,0336,0332,0336,0332,0337,0337,0337,0342,0336,0333,0336,0333,0336,0337,0337,0337,0342,0330,0336,0336,0336,0334,0331,0337,0337,0337,0362,0203,0335,0336,0336,0336,0336,0203,0335,0337,0337,0337,0337,0203,0335,0336,0336,0336,0336,0203,0354,0335,0335,0337,0337,0337,0331,0332,0336,0341,0331,0331,0331,0331,0331,0337,0332,0336,0331,0337,0337,
0233:0232,0226,
0234:0232,0227,
0235:0333,0200,0336,0332,0336,0332,0330,0336,0331,0332,0337,0337,0342,0330,0336,0342,0337,0331,0336,0336,0330,0333,0333,0337,0200,0333,0331,0332,0332,0331,0332,0336,0330,0333,0330,0337,0337,0337,
0236:0235,0336,0333,0336,0330,0230,0331,0332,0332,0337,0337,
0237:0235,0333,0336,0332,0336,0330,0330,0332,0336,0333,0337,0337,0231,0331,0336,0332,0336,0332,0337,0337,0337,
0240:0336,0336,0336,0336,0336,0362,0203,0337,0203,0306,0334,0337,0203,0335,0335,0203,0203,0334,0334,0203,0203,0335,0335,0203,0203,0334,0334,0203,0203,0335,0335,0203,0203,0334,0334,0203,0335,0203,0336,0336,0203,0364,0304,0337,0337,0337,0337,0337,
0241:0342,0336,0330,0335,0336,0336,0332,0337,0331,0337,0342,0336,0330,0350,0335,0310,0337,0362,0203,0335,0335,0335,0337,0203,0335,0335,0335,0336,0203,0363,0334,0337,0337,0337,0313,0331,0336,0330,0336,0336,0331,0337,0337,0337,0304,0336,0330,0333,0333,0330,0334,0350,0334,0362,0336,0331,0337,0362,0203,0335,0335,0336,0203,0334,0334,0337,0203,0335,0335,0335,0364,0335,0306,0350,0334,0336,0362,0203,0335,0335,0335,0335,0203,0335,0335,0335,0335,0203,0363,0335,0335,0335,0335,0335,0337,0304,0350,0334,0335,0330,0335,0336,0333,0334,0337,0330,0334,0304,0331,0331,0332,0336,0332,0331,0332,0336,0330,0332,0336,0331,0332,0336,0330,0337,0337,0337,0337,0337,
0242:0336,0330,0333,0337,0241,0333,0241,0333,0241,0333,0241,0333,0336,0333,0337,0362,0203,0336,0203,0334,0337,0203,0203,0203,0203,0203,0334,0203,0203,0334,0203,0203,0203,0203,0203,0336,0334,0203,0354,0332,0332,0331,0332,0332,0332,0332,0332,0332,0332,0332,0337,
0243:0220,0333,0333,0333,0221,0330,0332,0332,0332,0332,0332,0334,0336,0333,0331,0242,0335,0331,0333,0334,0336,0332,0337,0366,0330,0333,0334,0336,0331,0333,0337,0367,0336,0332,0333,0333,0337,0366,0335,0331,0332,0332,0331,0367,0335,0333,0330,0333,0333,0333,0333,0335,0333,0331,0337,0342,0333,0342,0336,0336,0332,0337,0337,0342,0336,0336,0332,0337,0337,0342,0336,0336,0332,0337,0337,0342,0330,0330,0330,0342,0336,0336,0336,0332,0337,0337,0337,0342,0333,0342,0336,0336,0336,0333,0337,0337,0337,0342,
0244:0305,0350,0350,0336,0330,0330,0336,0336,0330,0337,0337,0240,0334,0334,0336,0336,0331,0337,0337,0331,0331,0335,0337,0351,
0245:0244,0244,0244,0244,0244,0244,0244,0244,0244,0244,
01220:0333,0200,0336,0330,0332,0220,0333,0331,0337,
01221:0333,0200,0336,0330,0332,0221,0333,0331,0337,
01222:0333,0200,0332,0336,0336,0330,0333,0337,0337,0222,0333,0336,0336,0331,0332,0337,0337,
01223:0333,0200,0336,0332,0336,0332,0337,0336,0330,0337,0223,0333,0331,0336,0333,0336,0331,0337,0337,0337,
01224:0333,0200,0336,0332,0337,0224,0336,0333,0337,0331,
01225:0333,0200,0336,0330,0332,0332,0225,0333,0331,0333,0337,
01226:0333,0200,0336,0330,0332,0331,0336,0332,0330,0337,0226,0333,0336,0333,0331,0337,0337,
01227:0333,0200,0336,0332,0336,0330,0332,0337,0227,0333,0336,0333,0331,0337,0337,
01230:0333,0200,0336,0332,0332,0336,0333,0337,0230,0333,0336,0333,0337,0337,
01231:0333,0200,0332,0336,0330,0337,0231,0331,0333,0336,0330,0337,
01232:0333,0200,0332,0232,0333,
01233:0233,0333,
01234:0234,0333,
01235:0235,0333,
01236:0236,0333,
01237:0237,0333,
01240:0333,0200,0336,0332,0337,0240,0336,0333,0337,0331,
01242:0333,0200,0336,0330,0332,0336,0241,0304,0333,0333,0331,0331,0337,0337,
01243:0333,0200,0336,0336,0330,0330,0332,0332,0243,0304,0337,0333,0331,0337,
